15
 63
-100
-24
-37
 -1
 60
 34
100
 94
-21
 50
 57
 12
 41
-45
-14
-41
 91
 -6
-29
-26
 76
 37
-76
-22
 97
-50
-55
 87
 96
 35
 89
 16
 45
-99
 46
 -3
  0
 84
-36
 49
 71
-95
  3
-96
-86
 20
 72
 38
 95
 67
-31
 59
 22
 -2
 -8
-72
-53
 19
-47
 39
 58
-12
-34
 25
 64
-77
 56
  7
 26
 10
-18
 99
  5
-23
 93
 21
-81
-73
-94
-79
-51
 29
 13
 18
-71
 88
-78
 42
 23
-13
 90
 27
 55
 30
-32
  2
-91
 80
 70
-52
-63
-67
-56
-83
-19
-75
-11
-17
-70
 65
 73
 81
-42
-90
-84
-30
 31
-66
-69
-98
  1
-60
 62
-58
-44
-16
 33
-49
-25
  9
  6
-35
-40
-89
 68
 17
-87
-48
 -9
 83
-59
-82
-92
-93
 -4
 11
-43
 98
 69
-80
 78
-10
 52
 -5
-46
 47
 75
 44
 28
 74
-62
 51
 77
-65
 85
 54
 79
-57
-64
 82
 -7
-54
 86
-38
 61
 32
-97
-68
-20
-39
-88
-28
  8
-85
 36
 14
 24
 40
 66
  4
-74
-33
-27
 92
-15
 43
-61
 48
 53